-1 -1 -1
652 949 630
-1 -1 -1
-1 -1 -1
-1 -1 -1
-1 -1 -1
697 478 313
-1 -1 -1
-1 -1 -1
602 660 544
256 243 557
-1 -1 -1
-1 -1 -1
566 126 146
525 432 669
947 71 930
192 617 51
74 62 581
493 950 809
-1 -1 -1
683 931 518
-1 -1 -1
66 307 914
-1 -1 -1
685 340 81
-1 -1 -1
-1 -1 -1
-1 -1 -1
-1 -1 -1
-1 -1 -1
-1 -1 -1
-1 -1 -1
-1 -1 -1
-1 -1 -1
-1 -1 -1
807 930 942
-1 -1 -1
-1 -1 -1
-1 -1 -1
-1 -1 -1
-1 -1 -1
489 595 402
-1 -1 -1
-1 -1 -1
937 203 377
47 928 725
555 37 713
-1 -1 -1
-1 -1 -1
327 610 917
571 497 924
419 367 643
720 809 37
-1 -1 -1
-1 -1 -1
-1 -1 -1
-1 -1 -1
245 360 68
-1 -1 -1
349 201 283
-1 -1 -1
-1 -1 -1
-1 -1 -1
-1 -1 -1
-1 -1 -1
-1 -1 -1
-1 -1 -1
-1 -1 -1
-1 -1 -1
-1 -1 -1
-1 -1 -1
-1 -1 -1
-1 -1 -1
840 174 161
-1 -1 -1
104 976 470
215 492 651
81 84 409
251 101 965
-1 -1 -1
-1 -1 -1
-1 -1 -1
-1 -1 -1
-1 -1 -1
-1 -1 -1
-1 -1 -1
-1 -1 -1
727 31 717
869 105 487
-1 -1 -1
-1 -1 -1
-1 -1 -1
-1 -1 -1
-1 -1 -1
-1 -1 -1
-1 -1 -1
675 492 238
46 58 83
-1 -1 -1
73 21 797
-1 -1 -1
-1 -1 -1
880 81 375
-1 -1 -1
-1 -1 -1
-1 -1 -1
685 900 93
43 330 892
-1 -1 -1
-1 -1 -1
676 67 288
-1 -1 -1
-1 -1 -1
258 637 495
697 611 951
-1 -1 -1
948 655 775
919 694 127
772 942 224
-1 -1 -1
478 560 950
-1 -1 -1
30 632 407
-1 -1 -1
-1 -1 -1
-1 -1 -1
-1 -1 -1
596 957 243
-1 -1 -1
-1 -1 -1
657 839 575
884 921 908
-1 -1 -1
-1 -1 -1
-1 -1 -1
-1 -1 -1
788 52 579
-1 -1 -1
683 80 930
-1 -1 -1
-1 -1 -1
-1 -1 -1
-1 -1 -1
-1 -1 -1
84 621 284
-1 -1 -1
-1 -1 -1
544 952 316
619 928 214
-1 -1 -1
-1 -1 -1
-1 -1 -1
-1 -1 -1
-1 -1 -1
-1 -1 -1
-1 -1 -1
-1 -1 -1
212 285 34
-1 -1 -1
-1 -1 -1
977 599 249
-1 -1 -1
-1 -1 -1
-1 -1 -1
665 587 982
713 217 946
26 792 342
-1 -1 -1
760 640 641
45 371 582
-1 -1 -1
-1 -1 -1
325 783 987
717 892 901
168 173 207
511 289 36
-1 -1 -1
-1 -1 -1
503 470 759
-1 -1 -1
-1 -1 -1
-1 -1 -1
-1 -1 -1
-1 -1 -1
-1 -1 -1
-1 -1 -1
-1 -1 -1
-1 -1 -1
-1 -1 -1
-1 -1 -1
501 242 351
686 597 568
-1 -1 -1
477 104 972
-1 -1 -1
-1 -1 -1
464 547 937
878 880 135
-1 -1 -1
-1 -1 -1
289 56 62
683 969 727
891 35 935
-1 -1 -1
-1 -1 -1
76 949 696
930 327 55
287 267 808
-1 -1 -1
-1 -1 -1
902 159 958
939 653 677
-1 -1 -1
924 239 559
-1 -1 -1
-1 -1 -1
-1 -1 -1
317 570 821
-1 -1 -1
-1 -1 -1
-1 -1 -1
-1 -1 -1
-1 -1 -1
185 38 682
-1 -1 -1
-1 -1 -1
291 601 84
-1 -1 -1
-1 -1 -1
-1 -1 -1
-1 -1 -1
785 101 323
-1 -1 -1
-1 -1 -1
80 581 701
945 353 969
119 41 365
38 767 316
49 451 956
-1 -1 -1
-1 -1 -1
-1 -1 -1
-1 -1 -1
-1 -1 -1
18 402 616
-1 -1 -1
-1 -1 -1
-1 -1 -1
-1 -1 -1
-1 -1 -1
224 365 301
-1 -1 -1
-1 -1 -1
-1 -1 -1
521 898 547
732 774 878
-1 -1 -1
-1 -1 -1
-1 -1 -1
340 898 628
-1 -1 -1
329 76 269
567 632 525
-1 -1 -1
74 943 52
-1 -1 -1
-1 -1 -1
-1 -1 -1
138 170 867
819 815 929
966 980 284
566 787 57
-1 -1 -1
346 542 793
-1 -1 -1
-1 -1 -1
-1 -1 -1
-1 -1 -1
968 954 517
-1 -1 -1
-1 -1 -1
756 948 433
573 194 298
-1 -1 -1
-1 -1 -1
-1 -1 -1
-1 -1 -1
-1 -1 -1
978 641 955
463 242 57
-1 -1 -1
-1 -1 -1
-1 -1 -1
-1 -1 -1
537 265 817
763 282 918
-1 -1 -1
-1 -1 -1
-1 -1 -1
203 623 235
-1 -1 -1
-1 -1 -1
-1 -1 -1
-1 -1 -1
-1 -1 -1
-1 -1 -1
471 815 964
198 442 836
-1 -1 -1
597 956 389
926 313 319
423 37 238
-1 -1 -1
-1 -1 -1
-1 -1 -1
310 169 792
685 57 841
52 606 826
238 603 200
-1 -1 -1
-1 -1 -1
-1 -1 -1
-1 -1 -1
220 606 941
689 730 329
503 589 349
134 956 27
-1 -1 -1
-1 -1 -1
623 937 788
-1 -1 -1
314 266 52
-1 -1 -1
-1 -1 -1
304 59 375
491 749 501
79 26 65
-1 -1 -1
-1 -1 -1
90 72 701
35 315 652
-1 -1 -1
-1 -1 -1
-1 -1 -1
-1 -1 -1
-1 -1 -1
-1 -1 -1
-1 -1 -1
-1 -1 -1
246 65 744
799 700 58
-1 -1 -1
819 656 643
-1 -1 -1
15 711 569
598 955 31
-1 -1 -1
-1 -1 -1
-1 -1 -1
20 622 397
-1 -1 -1
390 88 78
659 274 215
-1 -1 -1
-1 -1 -1
200 818 177
-1 -1 -1
402 216 275
-1 -1 -1
-1 -1 -1
-1 -1 -1
-1 -1 -1
-1 -1 -1
44 576 382
731 527 464
-1 -1 -1
441 430 471
442 31 462
-1 -1 -1
460 112 354
949 380 491
947 962 840
-1 -1 -1
-1 -1 -1
353 963 527
-1 -1 -1
-1 -1 -1
-1 -1 -1
761 276 724
964 84 482
-1 -1 -1
-1 -1 -1
-1 -1 -1
442 627 67
657 446 74
-1 -1 -1
-1 -1 -1
-1 -1 -1
-1 -1 -1
-1 -1 -1
-1 -1 -1
-1 -1 -1
-1 -1 -1
23 911 90
-1 -1 -1
-1 -1 -1
-1 -1 -1
-1 -1 -1
756 380 260
-1 -1 -1
479 493 757
-1 -1 -1
-1 -1 -1
792 950 522
-1 -1 -1
-1 -1 -1
283 597 744
-1 -1 -1
-1 -1 -1
-1 -1 -1
739 177 940
-1 -1 -1
-1 -1 -1
-1 -1 -1
52 694 625
-1 -1 -1
-1 -1 -1
374 412 823
-1 -1 -1
306 955 956
-1 -1 -1
-1 -1 -1
-1 -1 -1
-1 -1 -1
39 571 548
31 23 132
-1 -1 -1
-1 -1 -1
-1 -1 -1
918 448 371
-1 -1 -1
-1 -1 -1
172 643 970
653 805 609
-1 -1 -1
-1 -1 -1
-1 -1 -1
-1 -1 -1
-1 -1 -1
-1 -1 -1
-1 -1 -1
-1 -1 -1
-1 -1 -1
-1 -1 -1
-1 -1 -1
529 698 766
-1 -1 -1
-1 -1 -1
388 472 696
-1 -1 -1
690 474 46
-1 -1 -1
-1 -1 -1
-1 -1 -1
-1 -1 -1
-1 -1 -1
-1 -1 -1
-1 -1 -1
-1 -1 -1
546 921 922
-1 -1 -1
-1 -1 -1
-1 -1 -1
-1 -1 -1
-1 -1 -1
-1 -1 -1
461 261 403
975 180 522
371 970 177
908 894 458
60 371 948
598 56 416
843 939 294
813 49 483
-1 -1 -1
288 646 249
-1 -1 -1
479 336 432
-1 -1 -1
-1 -1 -1
-1 -1 -1
-1 -1 -1
51 652 165
-1 -1 -1
48 541 589
951 148 460
-1 -1 -1
561 534 405
450 835 967
408 880 364
-1 -1 -1
238 525 21
-1 -1 -1
471 59 928
-1 -1 -1
967 689 601
-1 -1 -1
-1 -1 -1
579 760 564
362 387 859
-1 -1 -1
-1 -1 -1
973 630 800
545 524 540
372 770 946
-1 -1 -1
176 354 84
934 272 925
577 726 531
-1 -1 -1
55 203 404
-1 -1 -1
-1 -1 -1
25 763 648
-1 -1 -1
-1 -1 -1
-1 -1 -1
-1 -1 -1
-1 -1 -1
67 305 340
-1 -1 -1
-1 -1 -1
369 946 793
-1 -1 -1
664 584 91
-1 -1 -1
-1 -1 -1
-1 -1 -1
-1 -1 -1
358 118 154
-1 -1 -1
-1 -1 -1
-1 -1 -1
-1 -1 -1
363 70 764
26 306 867
19 919 248
-1 -1 -1
579 44 295
200 53 402
-1 -1 -1
23 634 853
-1 -1 -1
-1 -1 -1
-1 -1 -1
-1 -1 -1
-1 -1 -1
-1 -1 -1
-1 -1 -1
-1 -1 -1
-1 -1 -1
-1 -1 -1
-1 -1 -1
-1 -1 -1
-1 -1 -1
-1 -1 -1
-1 -1 -1
-1 -1 -1
-1 -1 -1
48 28 772
316 942 490
824 500 386
-1 -1 -1
-1 -1 -1
-1 -1 -1
365 445 406
-1 -1 -1
364 217 80
-1 -1 -1
-1 -1 -1
395 153 192
-1 -1 -1
587 241 267
-1 -1 -1
-1 -1 -1
-1 -1 -1
-1 -1 -1
-1 -1 -1
336 88 910
505 470 708
-1 -1 -1
-1 -1 -1
-1 -1 -1
-1 -1 -1
-1 -1 -1
-1 -1 -1
-1 -1 -1
183 792 824
-1 -1 -1
-1 -1 -1
-1 -1 -1
-1 -1 -1
-1 -1 -1
-1 -1 -1
-1 -1 -1
-1 -1 -1
-1 -1 -1
-1 -1 -1
-1 -1 -1
-1 -1 -1
903 684 410
661 729 33
-1 -1 -1
-1 -1 -1
-1 -1 -1
-1 -1 -1
-1 -1 -1
757 524 612
226 454 295
625 298 26
-1 -1 -1
-1 -1 -1
-1 -1 -1
-1 -1 -1
937 78 64
175 584 737
-1 -1 -1
-1 -1 -1
-1 -1 -1
761 697 814
680 476 579
-1 -1 -1
610 951 973
-1 -1 -1
734 40 518
-1 -1 -1
-1 -1 -1
-1 -1 -1
446 666 323
-1 -1 -1
-1 -1 -1
294 262 928
-1 -1 -1
-1 -1 -1
-1 -1 -1
-1 -1 -1
394 978 236
-1 -1 -1
-1 -1 -1
-1 -1 -1
485 679 467
901 740 907
617 48 850
962 37 896
102 418 369
85 947 941
-1 -1 -1
-1 -1 -1
-1 -1 -1
-1 -1 -1
-1 -1 -1
-1 -1 -1
972 160 334
699 54 54
470 390 593
-1 -1 -1
-1 -1 -1
702 371 216
-1 -1 -1
966 399 655
-1 -1 -1
-1 -1 -1
-1 -1 -1
-1 -1 -1
-1 -1 -1
-1 -1 -1
-1 -1 -1
-1 -1 -1
-1 -1 -1
514 92 571
-1 -1 -1
380 238 296
-1 -1 -1
54 229 708
937 950 254
-1 -1 -1
-1 -1 -1
-1 -1 -1
969 549 366
715 225 699
-1 -1 -1
-1 -1 -1
-1 -1 -1
115 895 577
-1 -1 -1
624 728 978
-1 -1 -1
464 722 351
-1 -1 -1
930 853 307
-1 -1 -1
354 378 850
-1 -1 -1
-1 -1 -1
780 107 633
657 762 950
-1 -1 -1
448 434 211
363 973 537
-1 -1 -1
-1 -1 -1
-1 -1 -1
-1 -1 -1
-1 -1 -1
-1 -1 -1
-1 -1 -1
237 47 962
694 720 71
-1 -1 -1
433 131 35
-1 -1 -1
-1 -1 -1
97 447 646
423 719 222
-1 -1 -1
-1 -1 -1
-1 -1 -1
-1 -1 -1
744 715 923
202 22 927
-1 -1 -1
75 325 728
469 56 714
-1 -1 -1
-1 -1 -1
931 735 461
-1 -1 -1
832 141 816
395 890 912
-1 -1 -1
-1 -1 -1
-1 -1 -1
-1 -1 -1
-1 -1 -1
935 375 582
-1 -1 -1
-1 -1 -1
-1 -1 -1
-1 -1 -1
-1 -1 -1
-1 -1 -1
-1 -1 -1
-1 -1 -1
-1 -1 -1
-1 -1 -1
-1 -1 -1
-1 -1 -1
554 941 711
691 716 583
-1 -1 -1
-1 -1 -1
31 932 112
854 469 143
-1 -1 -1
550 698 83
-1 -1 -1
-1 -1 -1
-1 -1 -1
365 950 238
-1 -1 -1
92 321 63
71 592 929
-1 -1 -1
-1 -1 -1
-1 -1 -1
765 51 955
-1 -1 -1
-1 -1 -1
682 538 657
-1 -1 -1
-1 -1 -1
-1 -1 -1
-1 -1 -1
-1 -1 -1
798 483 331
-1 -1 -1
690 41 421
-1 -1 -1
-1 -1 -1
-1 -1 -1
-1 -1 -1
802 342 267
-1 -1 -1
567 50 940
-1 -1 -1
-1 -1 -1
-1 -1 -1
-1 -1 -1
-1 -1 -1
-1 -1 -1
-1 -1 -1
-1 -1 -1
695 94 106
-1 -1 -1
905 98 608
932 694 261
947 622 55
630 436 46
-1 -1 -1
46 351 258
-1 -1 -1
-1 -1 -1
-1 -1 -1
-1 -1 -1
35 731 556
-1 -1 -1
-1 -1 -1
951 147 957
-1 -1 -1
28 629 849
-1 -1 -1
-1 -1 -1
819 481 814
-1 -1 -1
-1 -1 -1
-1 -1 -1
-1 -1 -1
-1 -1 -1
-1 -1 -1
-1 -1 -1
-1 -1 -1
-1 -1 -1
-1 -1 -1
-1 -1 -1
316 28 431
733 973 263
-1 -1 -1
-1 -1 -1
-1 -1 -1
716 495 615
-1 -1 -1
710 283 472
-1 -1 -1
388 390 951
917 278 672
-1 -1 -1
45 946 286
-1 -1 -1
334 444 965
-1 -1 -1
-1 -1 -1
671 490 964
-1 -1 -1
42 343 504
499 450 963
-1 -1 -1
-1 -1 -1
-1 -1 -1
968 712 577
476 874 122
-1 -1 -1
-1 -1 -1
235 929 412
77 268 351
-1 -1 -1
229 558 29
-1 -1 -1
55 782 416
-1 -1 -1
590 869 477
-1 -1 -1
66 470 534
-1 -1 -1
-1 -1 -1
950 614 928
654 76 658
769 82 296
-1 -1 -1
-1 -1 -1
-1 -1 -1
270 494 52
-1 -1 -1
-1 -1 -1
-1 -1 -1
-1 -1 -1
685 34 554
-1 -1 -1
-1 -1 -1
-1 -1 -1
-1 -1 -1
444 944 731
-1 -1 -1
-1 -1 -1
649 46 514
-1 -1 -1
582 803 40
-1 -1 -1
-1 -1 -1
-1 -1 -1
-1 -1 -1
877 558 535
-1 -1 -1
-1 -1 -1
-1 -1 -1
409 493 884
-1 -1 -1
-1 -1 -1
-1 -1 -1
-1 -1 -1
163 338 292
-1 -1 -1
622 464 670
-1 -1 -1
-1 -1 -1
-1 -1 -1
-1 -1 -1
196 455 647
-1 -1 -1
-1 -1 -1
-1 -1 -1
-1 -1 -1
-1 -1 -1
946 295 827
135 979 968
-1 -1 -1
89 911 395
-1 -1 -1
-1 -1 -1
-1 -1 -1
-1 -1 -1
-1 -1 -1
34 324 222
-1 -1 -1
-1 -1 -1
-1 -1 -1
-1 -1 -1
-1 -1 -1
-1 -1 -1
-1 -1 -1
-1 -1 -1
-1 -1 -1
-1 -1 -1
348 102 402
-1 -1 -1
-1 -1 -1
-1 -1 -1
-1 -1 -1
387 689 78
-1 -1 -1
-1 -1 -1
-1 -1 -1
-1 -1 -1
-1 -1 -1
-1 -1 -1
-1 -1 -1
-1 -1 -1
-1 -1 -1
-1 -1 -1
836 842 690
-1 -1 -1
-1 -1 -1
363 53 200
325 300 770
-1 -1 -1
-1 -1 -1
-1 -1 -1
28 951 29
-1 -1 -1
773 796 55
-1 -1 -1
-1 -1 -1
-1 -1 -1
-1 -1 -1
-1 -1 -1
925 588 322
186 494 312
-1 -1 -1
462 898 685
956 309 515
-1 -1 -1
-1 -1 -1
-1 -1 -1
-1 -1 -1
-1 -1 -1
-1 -1 -1
404 27 499
-1 -1 -1
67 634 63
-1 -1 -1
-1 -1 -1
-1 -1 -1
-1 -1 -1
728 316 952
646 428 951
-1 -1 -1
129 476 152
33 698 509
-1 -1 -1
-1 -1 -1
-1 -1 -1
