-1 -1 -1
819 632 361
-1 -1 -1
-1 -1 -1
-1 -1 -1
-1 -1 -1
179 248 577
-1 -1 -1
-1 -1 -1
882 763 677
-1 -1 -1
-1 -1 -1
-1 -1 -1
-1 -1 -1
309 608 672
822 282 524
441 134 181
616 336 60
833 415 579
538 840 420
859 653 236
666 89 779
416 568 397
-1 -1 -1
850 83 327
-1 -1 -1
-1 -1 -1
-1 -1 -1
-1 -1 -1
927 467 858
-1 -1 -1
-1 -1 -1
-1 -1 -1
-1 -1 -1
-1 -1 -1
502 496 475
-1 -1 -1
-1 -1 -1
-1 -1 -1
-1 -1 -1
194 278 161
697 177 400
-1 -1 -1
-1 -1 -1
676 854 338
461 433 531
319 288 464
-1 -1 -1
-1 -1 -1
620 491 108
379 380 618
391 549 347
589 584 516
-1 -1 -1
-1 -1 -1
479 552 199
-1 -1 -1
136 163 96
-1 -1 -1
253 538 741
-1 -1 -1
-1 -1 -1
85 793 480
-1 -1 -1
-1 -1 -1
-1 -1 -1
-1 -1 -1
-1 -1 -1
-1 -1 -1
633 432 871
-1 -1 -1
656 919 452
-1 -1 -1
-1 -1 -1
-1 -1 -1
327 613 367
550 519 533
203 121 660
642 487 612
136 225 256
-1 -1 -1
-1 -1 -1
-1 -1 -1
-1 -1 -1
225 360 459
-1 -1 -1
-1 -1 -1
211 643 635
839 720 720
-1 -1 -1
-1 -1 -1
-1 -1 -1
-1 -1 -1
182 859 188
-1 -1 -1
-1 -1 -1
508 337 573
675 835 804
-1 -1 -1
477 517 452
-1 -1 -1
-1 -1 -1
676 627 551
-1 -1 -1
-1 -1 -1
-1 -1 -1
-1 -1 -1
715 617 694
-1 -1 -1
-1 -1 -1
327 126 596
-1 -1 -1
537 628 757
-1 -1 -1
819 533 380
-1 -1 -1
292 800 300
392 83 727
522 411 653
-1 -1 -1
498 489 482
-1 -1 -1
493 495 489
-1 -1 -1
-1 -1 -1
-1 -1 -1
-1 -1 -1
211 495 783
-1 -1 -1
-1 -1 -1
842 281 140
827 848 763
-1 -1 -1
-1 -1 -1
-1 -1 -1
96 561 221
926 179 476
-1 -1 -1
731 751 603
-1 -1 -1
-1 -1 -1
-1 -1 -1
773 155 631
-1 -1 -1
228 552 496
-1 -1 -1
-1 -1 -1
159 94 388
509 495 484
-1 -1 -1
-1 -1 -1
-1 -1 -1
-1 -1 -1
-1 -1 -1
-1 -1 -1
497 902 160
-1 -1 -1
536 715 445
-1 -1 -1
-1 -1 -1
350 636 389
-1 -1 -1
-1 -1 -1
123 86 207
502 498 502
272 240 484
743 585 662
-1 -1 -1
825 797 620
352 389 349
520 642 523
-1 -1 -1
401 582 382
-1 -1 -1
-1 -1 -1
722 446 691
-1 -1 -1
-1 -1 -1
349 591 345
-1 -1 -1
-1 -1 -1
-1 -1 -1
-1 -1 -1
-1 -1 -1
-1 -1 -1
-1 -1 -1
-1 -1 -1
-1 -1 -1
405 296 94
-1 -1 -1
343 575 672
384 534 510
-1 -1 -1
516 509 501
-1 -1 -1
482 216 318
638 475 345
-1 -1 -1
-1 -1 -1
-1 -1 -1
625 249 272
278 576 703
647 289 372
-1 -1 -1
-1 -1 -1
651 452 577
742 381 139
877 278 717
-1 -1 -1
-1 -1 -1
527 520 511
278 447 239
-1 -1 -1
577 756 329
-1 -1 -1
-1 -1 -1
-1 -1 -1
605 568 533
-1 -1 -1
-1 -1 -1
-1 -1 -1
-1 -1 -1
-1 -1 -1
418 245 733
-1 -1 -1
-1 -1 -1
373 564 109
-1 -1 -1
310 237 362
-1 -1 -1
-1 -1 -1
278 592 287
-1 -1 -1
-1 -1 -1
570 750 132
757 412 656
498 502 502
461 459 558
885 747 766
-1 -1 -1
-1 -1 -1
-1 -1 -1
857 888 264
892 362 185
467 527 442
-1 -1 -1
-1 -1 -1
-1 -1 -1
-1 -1 -1
-1 -1 -1
562 838 225
-1 -1 -1
-1 -1 -1
-1 -1 -1
-1 -1 -1
481 497 485
-1 -1 -1
-1 -1 -1
-1 -1 -1
-1 -1 -1
938 214 653
758 483 262
486 509 461
-1 -1 -1
106 147 442
-1 -1 -1
-1 -1 -1
-1 -1 -1
-1 -1 -1
327 661 414
550 542 510
407 564 331
-1 -1 -1
839 402 239
-1 -1 -1
-1 -1 -1
-1 -1 -1
-1 -1 -1
447 473 572
-1 -1 -1
-1 -1 -1
221 706 482
415 471 603
530 151 718
-1 -1 -1
-1 -1 -1
-1 -1 -1
-1 -1 -1
499 501 496
621 800 285
-1 -1 -1
-1 -1 -1
-1 -1 -1
-1 -1 -1
-1 -1 -1
159 625 424
-1 -1 -1
-1 -1 -1
-1 -1 -1
493 497 467
-1 -1 -1
-1 -1 -1
-1 -1 -1
-1 -1 -1
209 858 523
-1 -1 -1
456 538 453
-1 -1 -1
-1 -1 -1
724 395 742
526 320 914
692 476 662
231 318 732
74 223 708
-1 -1 -1
232 546 240
437 617 416
460 287 692
257 494 859
-1 -1 -1
-1 -1 -1
-1 -1 -1
-1 -1 -1
603 722 425
-1 -1 -1
509 502 494
326 568 321
-1 -1 -1
-1 -1 -1
607 230 810
828 341 409
604 540 562
-1 -1 -1
-1 -1 -1
725 883 874
740 918 277
484 477 515
-1 -1 -1
-1 -1 -1
567 203 517
499 678 408
313 257 908
-1 -1 -1
-1 -1 -1
-1 -1 -1
-1 -1 -1
-1 -1 -1
-1 -1 -1
520 666 287
172 485 179
716 193 85
-1 -1 -1
444 416 516
290 420 103
505 500 489
800 441 278
-1 -1 -1
-1 -1 -1
80 544 422
578 534 382
-1 -1 -1
109 576 922
527 821 633
-1 -1 -1
-1 -1 -1
-1 -1 -1
-1 -1 -1
683 387 354
-1 -1 -1
-1 -1 -1
-1 -1 -1
-1 -1 -1
-1 -1 -1
178 146 492
531 155 177
-1 -1 -1
422 582 702
266 722 379
911 918 580
-1 -1 -1
815 333 575
462 642 391
-1 -1 -1
-1 -1 -1
433 538 452
-1 -1 -1
-1 -1 -1
-1 -1 -1
678 893 746
683 431 345
-1 -1 -1
-1 -1 -1
895 99 100
516 499 446
245 609 670
-1 -1 -1
-1 -1 -1
-1 -1 -1
-1 -1 -1
-1 -1 -1
-1 -1 -1
-1 -1 -1
-1 -1 -1
501 499 499
-1 -1 -1
-1 -1 -1
-1 -1 -1
263 912 640
415 505 603
-1 -1 -1
635 509 591
-1 -1 -1
150 696 891
870 122 443
-1 -1 -1
-1 -1 -1
304 87 139
201 160 322
-1 -1 -1
-1 -1 -1
430 554 411
-1 -1 -1
-1 -1 -1
-1 -1 -1
805 69 572
-1 -1 -1
302 427 742
327 725 440
826 602 106
326 187 465
-1 -1 -1
-1 -1 -1
-1 -1 -1
-1 -1 -1
445 526 441
492 428 563
-1 -1 -1
108 421 242
-1 -1 -1
295 89 855
-1 -1 -1
-1 -1 -1
265 662 438
500 506 499
-1 -1 -1
-1 -1 -1
-1 -1 -1
-1 -1 -1
672 404 207
-1 -1 -1
-1 -1 -1
-1 -1 -1
-1 -1 -1
-1 -1 -1
-1 -1 -1
-1 -1 -1
-1 -1 -1
-1 -1 -1
-1 -1 -1
903 408 726
685 529 665
-1 -1 -1
-1 -1 -1
-1 -1 -1
-1 -1 -1
-1 -1 -1
-1 -1 -1
-1 -1 -1
-1 -1 -1
654 347 652
-1 -1 -1
-1 -1 -1
-1 -1 -1
-1 -1 -1
-1 -1 -1
-1 -1 -1
493 223 865
616 319 342
586 288 311
-1 -1 -1
908 238 416
678 647 806
564 152 889
245 484 686
-1 -1 -1
721 362 391
-1 -1 -1
168 686 658
-1 -1 -1
-1 -1 -1
-1 -1 -1
-1 -1 -1
335 718 782
451 738 896
383 670 829
933 836 672
-1 -1 -1
412 183 624
660 454 323
-1 -1 -1
-1 -1 -1
590 554 548
-1 -1 -1
213 834 871
-1 -1 -1
673 694 710
-1 -1 -1
-1 -1 -1
618 495 366
619 525 576
599 438 461
-1 -1 -1
499 500 491
-1 -1 -1
714 295 52
-1 -1 -1
521 476 377
579 919 744
638 729 744
-1 -1 -1
405 700 218
-1 -1 -1
-1 -1 -1
418 389 501
85 101 558
-1 -1 -1
-1 -1 -1
-1 -1 -1
-1 -1 -1
565 521 396
892 912 899
-1 -1 -1
690 247 339
-1 -1 -1
490 912 544
-1 -1 -1
-1 -1 -1
-1 -1 -1
-1 -1 -1
493 487 506
-1 -1 -1
-1 -1 -1
839 401 856
477 88 585
868 618 706
552 508 409
580 490 513
-1 -1 -1
632 791 761
892 394 520
-1 -1 -1
504 498 495
-1 -1 -1
-1 -1 -1
-1 -1 -1
-1 -1 -1
-1 -1 -1
-1 -1 -1
-1 -1 -1
341 919 266
-1 -1 -1
-1 -1 -1
-1 -1 -1
-1 -1 -1
-1 -1 -1
-1 -1 -1
-1 -1 -1
143 763 161
-1 -1 -1
711 656 733
888 77 519
474 446 545
286 840 95
363 802 627
-1 -1 -1
406 564 363
-1 -1 -1
115 565 98
-1 -1 -1
733 334 910
857 398 59
-1 -1 -1
739 754 265
-1 -1 -1
821 508 676
-1 -1 -1
-1 -1 -1
-1 -1 -1
-1 -1 -1
544 301 609
-1 -1 -1
-1 -1 -1
-1 -1 -1
-1 -1 -1
737 849 109
-1 -1 -1
-1 -1 -1
-1 -1 -1
-1 -1 -1
-1 -1 -1
91 918 678
-1 -1 -1
-1 -1 -1
-1 -1 -1
-1 -1 -1
-1 -1 -1
-1 -1 -1
-1 -1 -1
623 102 372
412 783 498
505 496 458
498 498 498
-1 -1 -1
-1 -1 -1
-1 -1 -1
-1 -1 -1
-1 -1 -1
500 498 484
134 640 704
563 554 522
93 902 99
-1 -1 -1
-1 -1 -1
-1 -1 -1
417 597 397
651 354 340
-1 -1 -1
-1 -1 -1
-1 -1 -1
791 332 89
510 509 471
-1 -1 -1
506 489 436
778 564 868
371 198 693
-1 -1 -1
83 91 768
-1 -1 -1
878 226 524
-1 -1 -1
-1 -1 -1
634 912 598
-1 -1 -1
860 202 792
-1 -1 -1
-1 -1 -1
502 493 490
-1 -1 -1
-1 -1 -1
-1 -1 -1
667 501 637
-1 -1 -1
283 770 833
539 521 422
-1 -1 -1
345 568 247
-1 -1 -1
-1 -1 -1
-1 -1 -1
-1 -1 -1
-1 -1 -1
-1 -1 -1
373 567 329
284 784 486
738 263 577
-1 -1 -1
909 722 366
748 679 147
-1 -1 -1
388 358 470
-1 -1 -1
-1 -1 -1
-1 -1 -1
-1 -1 -1
-1 -1 -1
-1 -1 -1
-1 -1 -1
-1 -1 -1
-1 -1 -1
-1 -1 -1
453 600 867
595 504 498
-1 -1 -1
842 741 549
788 430 188
-1 -1 -1
-1 -1 -1
-1 -1 -1
501 505 488
794 376 619
-1 -1 -1
-1 -1 -1
-1 -1 -1
-1 -1 -1
-1 -1 -1
500 455 356
-1 -1 -1
686 479 297
-1 -1 -1
482 353 767
-1 -1 -1
504 501 501
-1 -1 -1
-1 -1 -1
311 368 512
506 262 647
-1 -1 -1
-1 -1 -1
479 497 466
-1 -1 -1
-1 -1 -1
-1 -1 -1
-1 -1 -1
-1 -1 -1
429 908 707
-1 -1 -1
537 716 369
586 762 692
-1 -1 -1
498 507 478
662 578 254
-1 -1 -1
189 909 777
780 221 268
-1 -1 -1
-1 -1 -1
-1 -1 -1
-1 -1 -1
745 499 465
437 449 624
-1 -1 -1
819 810 480
673 603 128
-1 -1 -1
-1 -1 -1
89 631 521
-1 -1 -1
-1 -1 -1
203 885 372
-1 -1 -1
-1 -1 -1
-1 -1 -1
-1 -1 -1
-1 -1 -1
119 308 636
-1 -1 -1
-1 -1 -1
-1 -1 -1
-1 -1 -1
-1 -1 -1
-1 -1 -1
-1 -1 -1
-1 -1 -1
-1 -1 -1
-1 -1 -1
-1 -1 -1
-1 -1 -1
825 330 665
419 200 487
-1 -1 -1
-1 -1 -1
744 689 700
-1 -1 -1
-1 -1 -1
185 474 341
-1 -1 -1
-1 -1 -1
-1 -1 -1
840 479 317
133 783 804
728 655 406
398 79 338
898 910 100
-1 -1 -1
-1 -1 -1
342 640 704
-1 -1 -1
-1 -1 -1
518 402 588
-1 -1 -1
593 270 425
-1 -1 -1
-1 -1 -1
648 107 618
243 147 78
-1 -1 -1
405 350 403
-1 -1 -1
-1 -1 -1
-1 -1 -1
-1 -1 -1
837 477 241
-1 -1 -1
467 203 781
-1 -1 -1
-1 -1 -1
-1 -1 -1
-1 -1 -1
-1 -1 -1
603 832 875
-1 -1 -1
-1 -1 -1
563 506 520
880 91 647
-1 -1 -1
315 695 649
545 375 560
433 538 428
-1 -1 -1
632 833 534
-1 -1 -1
-1 -1 -1
91 859 917
-1 -1 -1
724 516 296
514 384 100
295 556 928
675 747 318
-1 -1 -1
492 497 479
-1 -1 -1
-1 -1 -1
-1 -1 -1
-1 -1 -1
-1 -1 -1
-1 -1 -1
-1 -1 -1
-1 -1 -1
-1 -1 -1
-1 -1 -1
-1 -1 -1
-1 -1 -1
-1 -1 -1
-1 -1 -1
475 467 524
427 584 310
-1 -1 -1
-1 -1 -1
-1 -1 -1
495 483 295
915 494 162
-1 -1 -1
-1 -1 -1
684 100 229
103 364 89
-1 -1 -1
579 203 225
-1 -1 -1
355 324 500
-1 -1 -1
-1 -1 -1
378 676 740
-1 -1 -1
229 197 527
713 556 692
-1 -1 -1
-1 -1 -1
-1 -1 -1
503 504 494
-1 -1 -1
-1 -1 -1
-1 -1 -1
799 802 933
774 554 630
-1 -1 -1
295 693 408
326 425 902
830 801 142
89 343 407
502 502 498
-1 -1 -1
778 341 796
-1 -1 -1
230 352 898
629 154 175
133 757 337
485 488 475
-1 -1 -1
-1 -1 -1
338 634 180
797 737 206
-1 -1 -1
-1 -1 -1
-1 -1 -1
-1 -1 -1
527 509 435
-1 -1 -1
-1 -1 -1
-1 -1 -1
-1 -1 -1
343 762 156
-1 -1 -1
-1 -1 -1
546 286 249
-1 -1 -1
538 493 394
-1 -1 -1
-1 -1 -1
375 325 277
-1 -1 -1
-1 -1 -1
-1 -1 -1
-1 -1 -1
-1 -1 -1
342 899 439
-1 -1 -1
106 408 569
-1 -1 -1
-1 -1 -1
594 518 365
-1 -1 -1
627 488 722
-1 -1 -1
-1 -1 -1
-1 -1 -1
-1 -1 -1
802 683 683
-1 -1 -1
-1 -1 -1
-1 -1 -1
-1 -1 -1
-1 -1 -1
246 846 253
368 551 648
-1 -1 -1
102 530 670
141 263 905
-1 -1 -1
-1 -1 -1
781 99 177
233 694 87
500 494 500
-1 -1 -1
-1 -1 -1
-1 -1 -1
-1 -1 -1
285 180 747
-1 -1 -1
-1 -1 -1
-1 -1 -1
669 639 925
-1 -1 -1
538 531 522
-1 -1 -1
-1 -1 -1
-1 -1 -1
-1 -1 -1
120 446 838
-1 -1 -1
-1 -1 -1
-1 -1 -1
367 853 836
-1 -1 -1
-1 -1 -1
-1 -1 -1
-1 -1 -1
-1 -1 -1
-1 -1 -1
-1 -1 -1
-1 -1 -1
912 547 467
359 97 225
432 488 586
-1 -1 -1
-1 -1 -1
913 883 415
485 506 475
-1 -1 -1
593 779 481
-1 -1 -1
-1 -1 -1
154 776 628
-1 -1 -1
913 182 920
786 128 866
393 527 624
-1 -1 -1
576 541 535
212 679 371
-1 -1 -1
-1 -1 -1
-1 -1 -1
-1 -1 -1
-1 -1 -1
-1 -1 -1
299 541 293
-1 -1 -1
463 903 345
-1 -1 -1
-1 -1 -1
-1 -1 -1
-1 -1 -1
485 457 534
214 577 780
-1 -1 -1
-1 -1 -1
252 760 340
-1 -1 -1
917 671 841
-1 -1 -1
