1000
53 41 80
53 41 80
53 41 80
52 41 80
53 41 80
55 48 80
52 41 80
55 48 80
51 42 80
56 47 80
53 40 80
55 49 80
51 40 80
56 48 80
50 41 80
57 48 80
51 40 80
59 50 80
50 41 80
59 50 80
51 39 80
59 50 80
50 39 80
59 50 80
50 39 80
59 50 80
45 53 80
53 39 80
59 50 80
43 52 80
50 39 80
61 51 80
50 39 80
43 53 80
54 39 80
62 51 80
43 53 80
54 39 80
43 53 80
62 51 80
49 39 80
43 54 80
60 45 80
63 51 80
52 38 80
43 54 80
63 50 80
41 55 80
54 38 80
41 57 80
54 38 80
63 52 80
37 57 80
55 38 80
37 57 80
64 51 80
51 37 80
36 58 80
65 51 80
49 36 80
35 58 80
63 36 80
35 58 80
64 35 80
38 60 80
64 35 80
35 58 80
65 35 80
35 60 80
66 31 80
34 60 80
66 30 80
35 61 80
68 55 80
34 28 80
68 55 80
33 28 80
68 55 80
32 28 80
36 62 80
67 30 80
31 63 80
66 29 80
30 63 80
67 30 80
32 27 80
69 56 80
30 63 80
66 29 80
29 65 80
69 28 80
29 65 80
69 28 80
28 66 80
71 27 80
28 66 80
69 28 80
28 66 80
71 27 80
29 68 80
70 28 80
31 25 80
72 62 80
27 68 80
32 25 80
72 63 80
31 25 80
72 63 80
27 70 80
71 27 80
27 69 80
68 30 80
36 23 80
73 62 80
27 70 80
32 23 80
73 62 80
29 25 80
73 62 80
26 71 80
70 26 80
26 71 80
68 31 80
32 23 80
74 61 80
26 72 80
36 21 80
75 64 80
36 21 80
24 75 80
70 33 80
75 64 80
21 77 80
37 20 80
75 60 80
21 78 80
35 20 80
75 60 80
19 79 80
36 19 80
75 60 80
19 79 80
37 18 80
72 26 80
19 79 80
76 63 80
37 18 80
17 79 80
75 60 80
36 19 80
17 80 80
76 59 80
37 18 80
17 80 80
76 59 80
36 19 80
18 81 80
76 59 80
38 17 80
17 80 80
76 59 80
36 19 80
18 81 80
76 59 80
38 17 80
16 79 80
77 65 80
35 18 80
18 81 80
76 59 80
38 17 80
16 79 80
76 59 80
36 19 80
18 81 80
76 59 80
38 17 80
16 79 80
76 59 80
35 18 80
19 82 80
76 59 80
36 19 80
15 78 80
24 14 80
77 60 80
20 83 80
40 17 80
77 60 80
15 78 80
40 16 80
78 67 80
20 83 80
36 19 80
77 58 80
23 13 80
15 78 80
78 35 80
76 59 80
20 83 80
34 17 80
77 60 80
15 78 80
24 12 80
79 35 80
20 83 80
40 16 80
76 59 80
15 80 80
24 11 80
79 65 80
36 19 80
17 82 80
87 86 80
25 11 80
14 79 80
79 36 80
73 56 80
25 10 80
15 80 80
87 86 80
82 12 80
14 79 80
36 19 80
87 86 80
82 11 80
14 79 80
25 10 80
88 85 80
66 49 80
14 79 80
25 10 80
87 86 80
85 9 80
14 79 80
66 49 80
25 10 80
88 86 80
14 79 80
85 9 80
23 11 80
66 49 80
19 84 80
88 86 80
90 7 80
25 10 80
13 78 80
66 49 80
88 86 80
12 8 80
90 7 80
14 79 80
55 38 80
87 87 80
12 8 80
91 7 80
17 82 80
88 86 80
55 38 80
14 79 80
11 8 80
90 6 80
87 87 80
55 38 80
15 80 80
11 8 80
91 6 80
90 84 80
60 43 80
17 82 80
11 8 80
92 5 80
87 87 80
56 39 80
15 78 80
12 7 80
92 5 80
90 84 80
17 82 80
55 38 80
11 8 80
86 88 80
92 5 80
15 80 80
58 41 80
12 7 80
90 84 80
93 4 80
17 82 80
11 8 80
58 41 80
86 88 80
93 4 80
14 79 80
12 7 80
91 83 80
56 39 80
93 4 80
22 87 80
11 8 80
91 83 60
58 41 60
93 4 60
17 82 60
86 88 60
12 7 60
55 38 60
92 5 60
22 87 60
91 83 60
61 44 60
10 9 60
13 77 60
93 4 60
35 20 60
85 89 60
66 49 60
23 88 60
89 5 60
12 7 60
92 81 60
13 77 60
55 38 60
91 6 60
35 20 60
85 89 60
66 49 60
23 88 60
10 9 60
93 4 60
93 81 60
12 77 60
65 48 60
12 7 60
89 5 60
35 20 60
85 89 60
23 88 60
66 49 60
94 79 60
9 10 60
92 6 60
12 77 60
35 20 60
65 48 60
26 89 60
85 89 60
93 4 60
11 7 60
55 38 60
11 76 60
94 79 60
91 8 60
65 48 60
8 11 60
26 89 60
84 90 60
35 20 60
89 5 60
10 75 60
66 49 60
94 79 60
13 5 60
85 9 60
26 89 60
35 20 60
83 92 60
66 49 60
9 74 60
93 4 60
8 11 60
94 79 60
55 38 60
25 90 60
86 9 60
83 92 60
19 4 60
65 48 60
9 74 60
35 20 60
94 5 60
94 79 60
26 89 60
65 50 60
7 12 60
86 9 60
83 92 60
8 73 60
35 20 60
66 49 60
92 3 60
25 90 60
93 81 60
13 5 60
53 36 60
82 93 60
9 72 60
88 11 60
6 13 60
65 50 60
26 89 60
95 78 60
19 4 60
94 5 60
48 31 60
8 73 60
82 93 60
6 13 60
85 9 60
66 49 60
25 90 60
95 78 60
35 20 60
95 6 60
8 71 60
65 50 60
81 94 60
16 3 60
26 89 60
88 11 60
48 31 60
6 13 60
95 78 60
8 71 60
65 48 60
92 3 60
81 94 60
17 2 60
25 90 60
48 31 60
96 13 60
95 78 60
6 13 60
8 71 60
66 49 60
81 94 60
86 9 60
26 89 60
32 23 60
17 2 60
65 50 60
89 86 60
92 3 60
8 71 60
6 13 60
48 31 60
25 90 60
95 78 60
96 14 60
66 49 60
81 94 60
17 2 60
8 71 60
85 8 60
48 31 60
26 89 60
6 13 60
80 95 60
92 3 60
65 50 60
95 78 60
7 72 60
17 2 60
96 15 60
48 31 60
25 90 60
80 95 60
6 13 60
66 49 60
8 71 60
85 8 60
95 80 60
35 20 60
26 89 60
65 50 60
96 15 60
17 2 60
80 95 60
7 72 60
95 78 60
91 2 60
32 23 60
66 49 60
25 90 60
5 14 60
97 20 60
80 95 60
48 31 60
8 71 60
17 2 60
95 80 60
84 7 60
65 50 60
26 89 60
5 14 60
97 20 60
48 31 60
80 95 60
7 72 60
17 2 60
96 79 60
90 1 60
66 49 60
25 90 60
5 50 60
81 4 60
36 19 60
79 96 60
65 50 60
26 89 60
13 5 60
96 79 60
97 20 60
3 52 60
48 31 60
25 90 60
17 2 60
81 4 60
79 96 60
66 49 60
5 50 60
96 79 60
97 20 60
26 89 60
36 19 60
65 50 60
3 52 60
18 1 60
80 3 60
79 96 60
24 91 60
48 31 60
99 22 60
96 79 60
5 50 60
17 2 60
66 49 60
90 1 60
26 89 60
79 96 60
3 52 60
35 20 60
96 79 60
65 50 60
99 22 60
18 1 60
24 91 60
79 2 60
5 50 60
47 32 60
79 96 60
17 2 60
26 89 60
99 22 60
96 79 60
66 49 60
2 53 60
79 2 60
36 99 60
18 1 60
48 31 60
96 79 60
5 50 60
99 22 60
65 50 60
24 91 60
78 97 60
78 1 60
17 2 60
0 63 60
36 19 60
63 52 60
96 79 60
36 99 60
99 22 60
5 50 60
78 1 60
18 1 60
82 93 60
47 32 60
26 89 60
66 49 60
0 55 60
99 22 60
96 79 60
13 5 60
24 91 60
78 1 60
78 97 60
35 20 60
62 53 60
2 53 60
99 22 60
23 92 60
96 79 60
18 1 60
66 49 60
78 1 60
5 50 60
78 97 60
36 19 60
26 89 60
62 53 60
0 55 60
99 22 60
96 79 60
12 5 60
78 1 60
36 99 60
48 31 60
0 63 60
78 97 60
18 1 60
99 22 60
66 49 60
23 92 60
96 79 60
78 1 60
35 20 60
3 48 60
62 53 60
26 89 60
77 98 60
17 2 60
99 22 60
0 55 60
47 32 60
78 1 60
96 79 60
23 92 60
11 6 60
66 49 60
0 55 60
77 98 60
99 22 60
36 19 60
26 89 60
78 1 60
96 79 60
62 53 60
5 50 60
18 1 60
40 99 60
89 0 60
88 87 60
48 31 60
0 55 60
99 22 60
18 1 60
23 92 60
66 49 60
96 79 60
78 1 60
3 48 60
77 98 60
35 20 60
26 89 60
62 53 60
99 22 60
16 1 60
5 50 60
96 79 60
40 99 60
77 0 60
47 32 60
17 2 60
66 49 60
0 63 60
77 98 60
99 22 60
23 92 60
96 79 60
77 0 60
36 19 60
61 54 60
3 48 60
26 89 60
16 1 60
99 22 60
76 99 60
0 55 60
66 49 60
77 0 60
96 79 60
35 20 60
23 92 60
11 6 60
60 55 60
99 22 60
76 99 60
0 55 60
26 89 60
77 0 60
48 31 60
97 78 60
16 1 60
5 50 60
40 99 60
99 22 60
66 49 60
88 87 30
36 19 30
18 1 30
76 99 30
77 0 30
96 79 30
0 55 30
23 92 30
11 6 30
47 32 30
60 55 30
99 22 30
35 20 30
40 99 30
3 48 30
91 84 30
76 99 30
77 0 30
56 59 30
26 89 30
18 1 30
0 63 30
97 78 30
96 19 30
48 31 30
80 3 30
66 49 30
45 96 30
76 99 30
10 75 30
36 19 30
11 6 30
0 45 30
23 92 30
91 84 30
89 0 30
99 22 30
56 59 30
3 15 30
47 32 30
5 50 30
47 98 30
76 99 30
18 1 30
10 75 30
66 49 30
98 77 30
35 20 30
26 89 30
81 4 30
98 21 30
0 63 30
84 91 30
3 15 30
47 98 30
51 34 30
56 59 30
35 80 30
18 1 30
32 23 30
77 0 30
0 45 30
98 77 30
10 75 30
76 99 30
23 92 30
99 22 30
66 49 30
89 0 30
3 15 30
47 98 30
5 50 30
36 19 30
51 34 30
18 1 30
36 79 30
91 84 30
10 75 30
56 59 30
76 99 30
96 19 30
23 92 30
84 7 30
32 23 30
98 77 30
2 15 30
66 49 30
0 55 30
47 98 30
51 34 30
19 0 30
83 92 30
36 79 30
77 0 30
99 22 30
10 75 30
0 45 30
56 59 30
36 19 30
23 92 30
98 76 30
2 15 30
47 98 30
76 99 30
51 34 30
18 1 30
89 0 30
66 49 30
8 71 30
99 22 30
36 79 30
5 50 30
32 23 30
91 84 30
84 7 30
2 15 30
23 92 30
47 98 30
76 99 30
21 4 30
51 34 30
56 59 30
10 75 30
0 45 30
99 22 30
98 76 30
77 0 30
36 19 30
66 49 30
36 79 30
83 92 30
19 0 30
2 15 30
46 99 30
23 92 30
51 34 30
0 63 30
31 24 30
91 0 30
98 77 30
99 22 30
56 59 30
10 75 30
76 99 30
5 50 30
36 79 30
18 1 30
1 16 30
47 98 30
66 49 30
84 7 30
50 35 30
22 93 30
36 19 30
91 84 30
99 22 30
0 45 30
11 74 30
76 99 30
77 0 30
21 4 30
55 60 30
99 76 30
30 25 30
36 79 30
2 15 30
46 99 30
51 34 30
22 93 30
66 49 30
0 55 30
91 0 30
84 91 30
99 22 30
10 75 30
80 65 30
19 0 30
1 16 30
36 19 30
99 76 30
48 97 30
36 79 30
50 35 30
5 50 30
55 60 30
76 99 30
84 7 30
22 93 30
11 74 30
99 22 30
30 25 30
21 4 30
66 49 30
80 65 30
77 0 30
91 84 30
46 99 30
3 15 30
0 45 30
51 34 30
36 79 30
76 99 30
55 60 30
99 76 30
22 93 30
10 75 30
16 1 30
98 21 30
36 19 30
91 0 30
0 55 30
80 65 30
1 16 30
48 97 30
69 46 30
84 91 30
50 35 30
30 25 30
39 76 30
81 4 30
21 4 30
99 23 30
6 49 30
99 76 30
11 74 30
22 93 30
55 60 30
76 99 30
80 65 30
46 99 30
1 17 30
69 46 30
51 34 30
36 79 30
77 0 30
36 19 30
16 1 30
0 63 30
91 84 30
99 23 30
22 93 30
55 60 30
0 43 30
9 76 30
49 96 30
76 99 30
91 0 30
80 65 30
30 25 30
2 15 30
99 76 30
50 35 30
39 76 30
69 46 30
21 4 30
84 7 30
6 49 30
99 22 30
84 91 30
24 91 30
54 61 30
46 99 30
11 74 30
81 64 30
36 19 30
1 16 30
99 76 30
19 0 30
51 34 30
39 76 30
69 46 30
76 99 30
77 0 30
0 55 30
50 95 30
99 23 30
30 25 30
22 93 30
9 76 30
54 61 30
80 65 30
91 0 30
3 16 30
91 84 30
0 43 30
21 4 30
50 35 30
39 76 30
69 46 30
39 16 30
76 99 30
84 7 30
46 99 30
99 24 30
99 76 30
24 91 30
11 74 30
6 49 30
54 61 30
81 64 30
